1 0 0
2 1.47 2.09
3 2.15 4.02778
4 2.65 4.00758
5 2.4 3.07071
6 2.24 4.48727
7 2.39 5.33121
8 2.28 4.10263
9 2.87 5.40717
10 3.07 5.88394
11 2.27 4.07788
12 2.63 3.87182
13 3.31 6.09485
14 2.92 6.17535
15 2.95 5.38131
16 2.95 5.2601
17 2.94 4.09737
18 2.36 4.07111
19 2.93 5.84354
20 2.45 3.76515
21 2.58 5.03394
22 2.67 3.83949
23 2.75 4.16919
24 2.72 4.18343
25 3.05 4.55303
26 2.55 3.52273
27 2.63 4.05364
28 2.47 4.87788
29 2.53 3.84758
30 2.76 4.48727
31 2.5 3.88889
32 2.35 4.2096
33 2.76 4.42667
34 2.89 6.05848
35 2.76 3.43677
36 2.9 5.42424
37 2.6 4.22222
38 2.46 3.70545
39 2.78 3.30465
40 3.13 5.58899
41 2.81 4.35747
42 2.96 5.77616
43 2.49 4.69687
44 2.76 4.83071
45 2.71 3.52111
46 2.95 4.47222
47 2.71 3.4201
48 2.75 4.65404
49 2.6 5.09091
50 2.6 3.13131
51 2.71 5.54131
52 2.57 4.20717
53 2.73 5.61323
54 3.04 4.82667
55 2.23 3.14859
56 2.86 5.47515
57 2.64 4.41455
58 2.73 4.19909
59 2.54 3.88727
60 2.6 4.16162
61 2.63 3.50818
62 2.78 4.55717
63 2.8 4.80808
64 2.65 3.74495
65 2.83 5.51626
66 2.3 3.64646
67 2.71 4.08677
68 2.65 4.57323
69 2.31 3.6302
70 2.68 3.2299
71 2.79 3.92515
72 2.63 3.69
73 2.66 3.49939
74 2.5 3.78788
75 3.01 5.82818
76 2.4 4.58586
77 3 4.62626
78 3.02 5.45414
79 2.87 5.60919
80 2.82 5.05818
81 2.79 4.53121
82 2.53 3.90818
83 2.91 5.7797
84 2.52 4.57535
85 2.72 4.20364
86 2.69 4.11505
87 2.71 5.35949
88 2.36 3.42465
89 2.63 2.6799
90 2.58 5.35717
91 3.11 5.12919
92 2.89 3.65444
93 2.78 4.05212
94 2.72 3.77939
95 2.54 3.72566
96 2.82 6.87636
97 2.73 4.38091
98 2.75 6.18939
99 2.7 3.82828
100 2.93 5.56071
101 2.82 4.73495
102 2.79 4.95545
103 2.47 3.72636
104 2.36 3.86909
105 2.77 4.64354
106 2.48 3.82788
107 2.9 4.07071
108 2.84 4.86303
109 3.04 4.82667
110 2.51 4.33323
111 2.58 3.96323
112 2.66 5.31758
113 2.83 4.68798
114 2.49 4.11101
115 2.83 5.47586
116 2.8 4.56566
117 2.55 4.08838
118 2.65 5.2803
119 2.84 4.45899
120 2.58 4.18545
121 2.9 4.05051
122 2.69 4.35747
123 3 6.24242
124 2.72 6.02182
125 2.91 5.01202
126 2.77 4.36071
127 2.65 4.2702
128 2.67 4.52636
129 2.73 6.01727
130 2.51 4.19182
131 2.55 4.00758
132 2.6 3.89899
133 2.83 4.02131
134 2.88 5.33899
135 2.49 3.20192
136 2.92 4.25616
137 2.96 5.73576
138 2.7 4.33333
139 2.63 4.21525
140 2.8 5.25253
141 2.9 3.86869
142 2.8 4.60606
143 2.93 4.26778
144 3.08 4.23596
145 2.97 4.09
146 2.56 4.91556
147 3.05 6.51263
148 2.77 5.2496
149 3 4.24242
150 3.05 5.2803
151 2.2 3.11111
152 2.62 4.21778
153 2.25 3.64394
154 2.41 2.68879
155 2.5 4.89899
156 2.76 4.22465
157 2.54 3.92768
158 3.06 5.30949
159 2.66 5.5802
160 2.51 5.62616
161 2.82 4.89657
162 2.9 4.59596
163 2.86 4.38424
164 2.45 3.92677
165 2.59 5.03222
166 2.63 4.45768
167 2.87 5.18495
168 2.95 5.32071
169 2.85 5.17929
170 2.35 2.99747
171 2.8 6.14141
172 2.8 5.11111
173 2.4 4.34343
174 2.67 5.03141
175 2.42 4.6501
176 3.03 5.48394
177 2.64 5.50545
178 2.56 4.28929
179 2.71 3.72313
180 2.58 4.10465
181 2.7 4.57576
182 2.58 4.02384
183 2.51 2.81808
184 2.72 3.77939
185 2.88 4.99556
186 2.69 4.55949
187 2.5 4.79798
188 2.99 4.91909
189 2.5 3.44444
190 2.89 4.09889
191 2.52 3.62586
192 2.7 4.53535
193 2.58 4.85212
194 2.93 4.87384
195 2.81 5.32717
196 2.55 4.2702
197 2.79 4.04636
198 2.46 3.46303
199 2.71 4.00596
200 2.75 4.93687
201 2.7 4.65657
202 2.7 4.89899
203 2.82 3.88646
204 2.78 5.56727
205 2.69 5.12515
206 3.11 6.03828
207 2.78 3.66828
208 3.05 4.65404
209 2.32 3.77535
210 2.64 4.21253
211 2.8 4.44444
212 2.87 4.59909
213 2.54 4.59434
214 2.82 5.34101
215 2.77 3.2496
216 2.48 4.51475
217 2.54 3.24081
218 2.73 3.67384
219 3.08 6.35717
220 2.73 4.05768
221 2.98 5.29253
222 2.7 4.21212
223 2.23 4.17889
224 2.65 3.72475
225 2.97 4.59505
226 2.45 3.46212
227 2.9 4.25253
228 2.72 5.69859
229 2.54 3.92768
230 2.59 4.81
231 2.62 3.89455
232 2.52 4.91879
233 2.61 4.28071
234 2.55 4.79545
235 2.41 3.51707
236 2.59 5.23424
237 2.75 4.2298
238 2.89 4.36152
239 2.4 3.75758
240 2.47 3.96879
241 2.73 5.02737
242 3.27 6.46172
243 2.92 4.41778
244 2.72 4.04202
245 2.26 4.27515
246 2.57 4.85364
247 2.38 3.04606
248 2.5 5.0202
249 2.29 3.66253
250 2.61 5.49283
251 2.49 3.80798
252 3.02 6.22182
253 2.97 4.71626
254 3.03 4.67586
255 2.93 4.75263
256 2.96 5.1903
257 2.99 5.90899
258 2.52 4.81778
259 2.67 3.73848
260 2.52 3.42384
261 2.8 4.88889
262 3.13 5.69
263 2.4 3.71717
264 2.76 5.05293
265 2.76 4.62869
266 2.55 4.69444
267 2.87 5.75061
268 3.03 6.00919
269 2.76 4.22465
270 2.76 4.68929
271 2.53 4.23141
272 2.64 3.60646
273 2.92 5.16525
274 2.66 3.78222
275 2.95 4.49242
276 2.65 5.17929
277 2.58 5.21576
278 2.37 2.88192
279 2.89 5.2504
280 2.79 4.30899
281 2.8 4.70707
282 2.85 5.19949
283 2.7 4.81818
284 2.63 4.29606
285 2.56 3.54182
286 2.55 4.61364
287 2.54 3.76606
288 2.32 4.62384
289 2.98 5.51475
290 2.88 5.44
291 2.95 5.80556
292 2.62 3.95515
293 2.77 4.40111
294 2.68 4.96727
295 2.94 5.28929
296 2.58 3.49859
297 2.58 4.42788
298 3.19 5.34737
299 2.97 6.33242
300 2.76 4.44687
301 3.09 5.23424
302 2.74 5.89131
303 2.92 5.06424
304 2.68 4.40162
305 2.56 4.57212
306 2.61 3.81606
307 2.68 3.75515
308 2.76 5.25495
309 2.89 4.2403
310 2.47 4.15061
311 2.6 4.36364
312 2.86 3.9196
313 2.74 5.52768
314 3.05 5.94697
315 2.4 3.61616
316 2.86 4.84889
317 2.82 6.06828
318 2.79 4.49081
319 2.67 4.30414
320 2.85 4.69444
321 3.09 5.13323
322 2.92 5.54909
323 3.1 5.54545
324 2.86 4.88929
325 2.81 6.88273
326 2.59 5.19384
327 2.92 4.27636
328 2.9 4.63636
329 2.79 6.24838
330 2.59 3.53727
331 2.69 3.89283
332 2.87 5.34657
333 2.78 5.00162
334 2.78 3.76929
335 3.14 4.72768
336 2.9 4.83838
337 2.76 4.22465
338 2.55 3.76515
339 2.71 4.87465
340 3.17 5.81929
341 2.49 4.01
342 2.81 5.6302
343 2.93 5.37889
344 2.7 3.86869
345 3.01 4.93929
346 3.17 6.22333
347 2.33 3.25364
348 2.69 4.03424
349 2.87 4.74051
350 2.68 4.40162
351 3.06 6.09737
352 2.82 4.37131
353 2.75 3.80556
354 2.86 5.27313
355 2.6 4.42424
356 2.69 3.89283
357 2.59 4.40596
358 2.5 3.82828
359 2.76 5.43677
360 2.79 4.91505
361 3 5.61616
362 2.74 5.18424
363 2.71 3.96556
364 2.73 3.63343
365 2.81 5.6302
366 2.76 5.47717
367 2.53 3.44354
368 2.93 7.01525
369 2.61 3.87667
370 2.84 5.69131
371 2.92 3.69051
372 2.7 5.16162
373 2.91 5.39586
374 2.79 4.06657
375 2.61 4.42212
376 2.97 3.94859
377 3 4.9899
378 2.95 4.02778
379 3.09 7.07263
380 2.69 4.86253
381 2.62 4.17737
382 2.85 4.97727
383 2.4 4.06061
384 2.7 5.38384
385 2.61 4.2403
386 2.69 4.23626
387 2.77 5.18899
388 2.55 3.96717
389 2.57 4.04556
390 2.77 4.3203
391 2.31 3.24636
392 2.93 4.85364
393 2.9 3.88889
394 2.84 3.83273
395 2.93 4.75263
396 2.91 5.13323
397 2.65 4.97727
398 2.93 4.67182
399 2.82 3.94707
400 2.33 2.72838
401 2.79 5.19788
402 2.65 5.32071
403 2.62 3.4703
404 2.51 4.21202
405 2.48 3.26222
406 2.67 3.49606
407 3.24 4.30545
408 2.43 3.35869
409 2.58 5.19556
410 2.76 4.34586
411 2.7 4.37374
412 2.7 4.93939
413 2.75 4.75505
414 2.56 5.07717
415 2.65 3.82576
416 2.86 4.30343
417 2.78 5.12283
418 2.84 4.27717
419 2.78 5.60768
420 2.39 2.90697
421 2.62 4.11677
422 2.73 6.07788
423 2.76 4.56808
424 2.61 4.52313
425 2.56 4.26909
426 2.66 3.86303
427 2.86 3.65697
428 2.76 3.86101
429 2.86 5.25293
430 2.48 3.24202
431 2.76 5.27515
432 2.53 3.58495
433 2.94 5.83475
434 2.95 3.98737
435 2.62 5.24808
436 3.08 6.35717
437 2.72 4.28444
438 2.3 3.48485
439 2.78 3.8501
440 2.84 3.97414
441 2.52 4.65616
442 2.54 3.38222
443 2.85 4.83586
444 2.94 4.62263
445 2.82 4.57333
446 2.81 5.18576
447 3.33 4.9102
448 2.94 4.15798
449 2.65 4.73485
450 3.05 5.60354
451 2.46 5.07919
452 2.98 5.23192
453 2.67 4.8698
454 2.55 5.13889
455 2.51 3.58576
456 3.06 5.57212
457 2.98 4.74707
458 2.54 4.47313
459 2.99 6.25242
460 2.67 6.02131
461 2.58 3.72081
462 2.37 3.40717
463 2.68 4.03798
464 3.04 5.1297
465 2.45 4.97727
466 2.79 4.34939
467 2.8 4.48485
468 2.77 5.71424
469 2.63 3.75061
470 2.75 3.80556
471 2.32 3.85616
472 3.1 4.77778
473 2.98 5.27232
474 2.78 4.96121
475 2.46 4.10949
476 2.7 4.43434
477 2.66 5.47919
478 2.68 5.75515
479 2.53 3.76677
480 2.91 5.63828
481 2.93 5.05566
482 2.98 5.53495
483 2.61 4.56354
484 2.4 4.18182
485 2.64 4.05091
486 2.9 4.61616
487 2.51 3.84838
488 3.2 6.36364
489 2.73 4.44152
490 3 3.85859
491 2.6 4.94949
492 2.87 6.43747
493 2.59 3.67869
494 3.2 6.58586
495 2.52 4.43394
496 2.49 3.26253
497 3.08 4.90263
498 2.81 4.17566
499 2.72 4.44606
500 2.33 5.39505
